secret_message,time,sent_by_me
